### sort
```bash
# 选项
-n  对数值排序
-r  降序
-k  对某列排序
-u  对排完序的内容去重
-t  以什么分割


# 排序 默认情况下,对文件中第一列安字母顺序排序
sort f1.txt              # 对f1.txt文件排序
sort f1.txt > new_f1.txt # 对f1.txt 排序后的内容输出到 new_f1.txt


root@dmy-hw:~# cat f.txt
abc 12 34 456 567
sda 23 12 434 343
sad 23 43 353 232
sdj 13 23 343 343
root@dmy-hw:~#  sort -nrk 5 f.txt # 对内容中的第5列(从1开始)按照降序排列
abc 12 34 456 567
sdj 13 23 343 343
sda 23 12 434 343
sad 23 43 353 232


root@dmy-hw:~# sort -t ":" -k 7 /etc/passwd | head -n 3 # 以:分割 对第列字符排序 取前3行
root:x:0:0:root:/root:/bin/bash
pollinate:x:111:1::/var/cache/pollinate:/bin/false
tss:x:106:112:TPM software stack,,,:/var/lib/tpm:/bin/false
```

### uniq
```bash
# PS：只能对排完序的内容去重

sort f.txt | uniq    # 去重不会改变原文件内容
sort f.txt | uniq -c # 统计重复的数量
```

### diff
查看文件差异
```bash
root@dmy-hw:~# diff -c f1.txt f2.txt             # 带上下文
*** f1.txt  2023-02-02 11:36:32.075434901 +0800
--- f2.txt  2023-02-02 11:37:01.000115142 +0800
***************
*** 1,3 ****
  lalal
! I Love China
  end
--- 1,3 ----
  lalal
! I Love Ameriacal
  end
root@dmy-hw:~# diff -u f1.txt f2.txt               # github代码方式
--- f1.txt  2023-02-02 11:36:32.075434901 +0800
+++ f2.txt  2023-02-02 11:37:01.000115142 +0800
@@ -1,3 +1,3 @@
 lalal
-I Love China
+I Love Ameriacal
 end
root@dmy-hw:~#
```